model	compare	trainAUC	trainCI1	trainCI2	train_threshold	train_sensitivity	train_specificity	train_accuracy	testAUC	testCI1	testCI2	test_threshold	test_sensitivity	test_specificity	test_accuracy
RF	Bacteria_vs_Cancer	0.890373563218391	0.843039578270603	0.937707548166178	0.475160277777778	0.793103448275862	0.8625	0.826347305389222	0.85702614379085	0.765571862588791	0.948480424992909	0.472034523809524	0.75	0.882352941176471	0.814285714285714
0.1*Lasso+0.9*RF	Bacteria_vs_Cancer	0.904885057471264	0.861083828285095	0.948686286657434	0.480273744114194	0.793103448275862	0.875	0.832335329341317	0.859477124183006	0.770663040181288	0.948291208184725	0.492947896293649	0.777777777777778	0.852941176470588	0.814285714285714
0.2*Lasso+0.8*RF	Bacteria_vs_Cancer	0.915373563218391	0.874509662829831	0.956237463606951	0.471733775432612	0.816091954022989	0.875	0.844311377245509	0.852941176470588	0.763022936360838	0.942859416580338	0.51463185656116	0.777777777777778	0.823529411764706	0.8
0.3*Lasso+0.7*RF	Bacteria_vs_Cancer	0.924568965517241	0.886460423153179	0.962677507881304	0.466631709973618	0.827586206896552	0.8875	0.856287425149701	0.847222222222222	0.756354151554025	0.938090292890419	0.535930522936978	0.805555555555556	0.823529411764706	0.814285714285714
0.4*Lasso+0.6*RF	Bacteria_vs_Cancer	0.929741379310345	0.893372054211255	0.966110704409435	0.494542802458866	0.873563218390805	0.85	0.862275449101796	0.843137254901961	0.752626505111891	0.93364800469203	0.526350493044088	0.777777777777778	0.794117647058823	0.785714285714286
0.5*Lasso+0.5*RF	Bacteria_vs_Cancer	0.932327586206897	0.896926384739131	0.967728787674663	0.436287926023064	0.804597701149425	0.925	0.862275449101796	0.834967320261438	0.742887902559913	0.927046737962963	0.437999256695043	0.694444444444444	0.852941176470588	0.771428571428571
0.6*Lasso+0.4*RF	Bacteria_vs_Cancer	0.934195402298851	0.899664632871179	0.968726171726523	0.440850293683644	0.816091954022989	0.925	0.868263473053892	0.834967320261438	0.743261683906443	0.926672956616433	0.458486295419372	0.694444444444444	0.823529411764706	0.757142857142857
0.7*Lasso+0.3*RF	Bacteria_vs_Cancer	0.93117816091954	0.895975657226242	0.966380664612838	0.436847665370617	0.804597701149425	0.9125	0.856287425149701	0.823529411764706	0.728084799441408	0.918974024088004	0.630982207331563	0.888888888888889	0.617647058823529	0.757142857142857
0.8*Lasso+0.2*RF	Bacteria_vs_Cancer	0.927873563218391	0.891772543442759	0.963974582994022	0.441109617646142	0.804597701149425	0.9	0.850299401197605	0.816176470588235	0.718180867474502	0.914172073701968	0.636801660986639	0.888888888888889	0.617647058823529	0.757142857142857
0.9*Lasso+0.1*RF	Bacteria_vs_Cancer	0.925431034482759	0.888621868524471	0.962240200441047	0.430414956461845	0.793103448275862	0.9125	0.850299401197605	0.80718954248366	0.706351160846299	0.908027924121021	0.642621114641715	0.888888888888889	0.617647058823529	0.757142857142857
Lasso	Bacteria_vs_Cancer	0.922126436781609	0.884418934481701	0.959833939081518	0.42777461553025	0.793103448275862	0.9	0.844311377245509	0.801470588235294	0.698735350766779	0.90420582570381	0.646424469265823	0.888888888888889	0.617647058823529	0.757142857142857
RF	Fungi_vs_Cancer	0.89059934318555	0.835287222739324	0.945911463631777	0.628388650793651	0.793103448275862	0.875	0.825174825174825	0.829710144927536	0.72251020687257	0.936910082982502	0.6473	0.777777777777778	0.869565217391304	0.813559322033898
0.1*Lasso+0.9*RF	Fungi_vs_Cancer	0.947044334975369	0.913246451160891	0.980842218789848	0.606335582901802	0.839080459770115	0.910714285714286	0.867132867132867	0.852657004830918	0.751954513728286	0.95335949593355	0.628536779943124	0.75	0.91304347826087	0.813559322033898
0.2*Lasso+0.8*RF	Fungi_vs_Cancer	0.982348111658456	0.967258454364079	0.997437768952834	0.605930035234281	0.885057471264368	0.964285714285714	0.916083916083916	0.867149758454106	0.771560876075105	0.962738640833107	0.528781174975472	0.888888888888889	0.782608695652174	0.847457627118644
0.3*Lasso+0.7*RF	Fungi_vs_Cancer	0.995689655172414	0.989685518145454	1	0.550290307686062	0.988505747126437	0.964285714285714	0.979020979020979	0.871980676328502	0.780087162252407	0.963874190404598	0.486636002750544	0.944444444444444	0.695652173913043	0.847457627118644
0.4*Lasso+0.6*RF	Fungi_vs_Cancer	0.999589490968801	0.998607072793647	1	0.598509565232378	0.988505747126437	1	0.993006993006993	0.865942028985507	0.772085270397863	0.959798787573152	0.419725252344641	0.944444444444444	0.695652173913043	0.847457627118644
0.5*Lasso+0.5*RF	Fungi_vs_Cancer	1	1	1	0.51454698743151	1	1	1	0.867149758454106	0.773863896255268	0.960435620652944	0.357512854536963	0.944444444444444	0.695652173913043	0.847457627118644
0.6*Lasso+0.4*RF	Fungi_vs_Cancer	1	1	1	0.488206664860492	1	1	1	0.865942028985507	0.772329191917475	0.959554866053539	0.311647479932245	0.916666666666667	0.695652173913043	0.830508474576271
0.7*Lasso+0.3*RF	Fungi_vs_Cancer	1	1	1	0.479002259797558	1	1	1	0.858695652173913	0.763768700106007	0.953622604241819	0.268480889506786	0.888888888888889	0.695652173913043	0.813559322033898
0.8*Lasso+0.2*RF	Fungi_vs_Cancer	1	1	1	0.469797854734624	1	1	1	0.856280193236715	0.761758167042386	0.950802219431044	0.152082250721028	0.972222222222222	0.565217391304348	0.813559322033898
0.9*Lasso+0.1*RF	Fungi_vs_Cancer	1	1	1	0.46059344967169	1	1	1	0.86231884057971	0.769080184057339	0.955557497102081	0.0833633740098975	1	0.565217391304348	0.830508474576271
Lasso	Fungi_vs_Cancer	1	1	1	0.451389044608756	1	1	1	0.830917874396135	0.7210318557681	0.94080389302417	0.732112499751212	0.694444444444444	0.826086956521739	0.745762711864407
RF	TB_vs_Cancer	0.932165065008479	0.89421131744974	0.970118812567218	0.609284476911977	0.827586206896552	0.901639344262295	0.858108108108108	0.89	0.813026904614655	0.966973095385345	0.735608730158731	0.666666666666667	1	0.80327868852459
0.1*Lasso+0.9*RF	TB_vs_Cancer	0.947051064631619	0.915258733509292	0.978843395753946	0.657404124147966	0.793103448275862	0.967213114754098	0.864864864864865	0.897777777777778	0.824076785093956	0.9714787704616	0.727597174015329	0.666666666666667	0.96	0.786885245901639
0.2*Lasso+0.8*RF	TB_vs_Cancer	0.955153570755606	0.927183002756836	0.983124138754376	0.595862733472514	0.850574712643678	0.918032786885246	0.878378378378378	0.896666666666667	0.821035597311582	0.972297736021752	0.48790593326444	0.916666666666667	0.72	0.836065573770492
0.3*Lasso+0.7*RF	TB_vs_Cancer	0.960806482004899	0.935421383438988	0.986191580570811	0.552465324967599	0.896551724137931	0.918032786885246	0.905405405405405	0.908888888888889	0.83848352025135	0.979294257526427	0.519516953972604	0.916666666666667	0.76	0.852459016393443
0.4*Lasso+0.6*RF	TB_vs_Cancer	0.964575089504428	0.940992179598271	0.988157999410586	0.571990762775203	0.896551724137931	0.918032786885246	0.905405405405405	0.911111111111111	0.840411654441808	0.981810567780414	0.537574890886491	0.916666666666667	0.8	0.868852459016393
0.5*Lasso+0.5*RF	TB_vs_Cancer	0.966647823629169	0.944009454444034	0.989286192814304	0.605401189623896	0.885057471264368	0.950819672131147	0.912162162162162	0.912222222222222	0.841140880143642	0.983303564300803	0.502588556993448	0.944444444444444	0.76	0.868852459016393
0.6*Lasso+0.4*RF	TB_vs_Cancer	0.967589975504051	0.945436437057935	0.989743513950167	0.602605624599985	0.885057471264368	0.950819672131147	0.912162162162162	0.911111111111111	0.838408380803393	0.983813841418829	0.509633824226937	0.944444444444444	0.76	0.868852459016393
0.7*Lasso+0.3*RF	TB_vs_Cancer	0.967024684379122	0.944668783683362	0.989380585074882	0.639654396135969	0.873563218390805	0.950819672131147	0.905405405405405	0.908888888888889	0.834449519865464	0.983328257912314	0.48521705710031	0.972222222222222	0.76	0.885245901639344
0.8*Lasso+0.2*RF	TB_vs_Cancer	0.965140380629357	0.941856951332801	0.988423809925914	0.689295201109092	0.850574712643678	0.967213114754098	0.898648648648649	0.901111111111111	0.822137030750243	0.980085191471979	0.507510949798971	0.944444444444444	0.76	0.868852459016393
0.9*Lasso+0.1*RF	TB_vs_Cancer	0.962125494629734	0.937065730954105	0.987185258305364	0.733810452370439	0.816091954022989	0.983606557377049	0.885135135135135	0.895555555555556	0.813881886428285	0.977229224682826	0.5308958006667	0.916666666666667	0.76	0.852459016393443
Lasso	TB_vs_Cancer	0.958356887130205	0.931466700651994	0.985247073608417	0.724957495356112	0.839080459770115	0.934426229508197	0.878378378378378	0.888888888888889	0.80022259616436	0.977555181613418	0.547923332286395	0.916666666666667	0.76	0.852459016393443
RF	Infection_vs_Cancer	0.876363848532587	0.836481266412031	0.916246430653142	0.318214801587302	0.873563218390805	0.756345177664975	0.792253521126761	0.817411924119241	0.736882674361234	0.897941173877249	0.20260753968254	0.972222222222222	0.573170731707317	0.694915254237288
0.1*Lasso+0.9*RF	Infection_vs_Cancer	0.905362039792287	0.871415860557506	0.939308219027067	0.29254296258219	0.931034482758621	0.741116751269036	0.799295774647887	0.832317073170732	0.755904656398896	0.908729489942567	0.220996742322799	0.916666666666667	0.634146341463415	0.720338983050847
0.2*Lasso+0.8*RF	Infection_vs_Cancer	0.925199836629908	0.895734009057911	0.954665664201906	0.308781537069781	0.931034482758621	0.771573604060914	0.820422535211268	0.840447154471545	0.767016346397647	0.913877962545443	0.212457863835792	0.944444444444444	0.621951219512195	0.720338983050847
0.3*Lasso+0.7*RF	Infection_vs_Cancer	0.936985821809907	0.910460272622968	0.963511370996846	0.310411333056495	0.919540229885057	0.812182741116751	0.845070422535211	0.846544715447154	0.775514162136481	0.917575268757828	0.20146293981857	0.944444444444444	0.609756097560976	0.711864406779661
0.4*Lasso+0.6*RF	Infection_vs_Cancer	0.947196452535154	0.923580935245878	0.97081196982443	0.322345558547456	0.885057471264368	0.862944162436548	0.869718309859155	0.848577235772358	0.777915073498647	0.919239398046068	0.297286270269236	0.722222222222222	0.817073170731707	0.788135593220339
0.5*Lasso+0.5*RF	Infection_vs_Cancer	0.951280704825252	0.928874196811129	0.973687212839376	0.306411026767071	0.919540229885057	0.847715736040609	0.869718309859155	0.846205962059621	0.774286753957744	0.918125170161497	0.30257277642362	0.694444444444444	0.841463414634146	0.796610169491525
0.6*Lasso+0.4*RF	Infection_vs_Cancer	0.953614563276737	0.931865461063423	0.975363665490051	0.300557055242206	0.919540229885057	0.842639593908629	0.866197183098592	0.839430894308943	0.764109676477302	0.914752112140584	0.249333856805645	0.805555555555556	0.731707317073171	0.754237288135593
0.7*Lasso+0.3*RF	Infection_vs_Cancer	0.952972752202579	0.930932226198032	0.975013278207126	0.294706084325669	0.931034482758621	0.842639593908629	0.869718309859155	0.833672086720867	0.755575836266836	0.911768337174898	0.253172794474282	0.805555555555556	0.74390243902439	0.76271186440678
0.8*Lasso+0.2*RF	Infection_vs_Cancer	0.951164011902678	0.928379721468522	0.973948302336834	0.269032656866946	0.942528735632184	0.812182741116751	0.852112676056338	0.818766937669377	0.73471615081331	0.902817724525444	0.255049008567882	0.777777777777778	0.75609756097561	0.76271186440678
0.9*Lasso+0.1*RF	Infection_vs_Cancer	0.948946846373767	0.925364166604071	0.972529526143464	0.269097306431906	0.942528735632184	0.812182741116751	0.852112676056338	0.806233062330623	0.717962738288442	0.894503386372805	0.263553348924581	0.777777777777778	0.780487804878049	0.779661016949153
Lasso	Infection_vs_Cancer	0.946321255615847	0.921820342805259	0.970822168426435	0.275880615127088	0.919540229885057	0.822335025380711	0.852112676056338	0.795392953929539	0.702332556885696	0.888453350973383	0.238625947042931	0.777777777777778	0.75609756097561	0.76271186440678
SVM	Bacteria_vs_Cancer	0.800718390804598	0.732017487942138	0.869419293667058	0.396902025255043	0.724137931034483	0.8375	0.778443113772455	0.769607843137255	0.657589642933318	0.881626043341192	0.468385350745174	0.638888888888889	0.882352941176471	0.757142857142857
0.1*Lasso+0.9*SVM	Bacteria_vs_Cancer	0.827586206896552	0.764762815699427	0.890409598093677	0.382252133622677	0.71264367816092	0.8625	0.784431137724551	0.776960784313726	0.667086757068056	0.886834811559395	0.379270576687627	0.611111111111111	0.911764705882353	0.757142857142857
0.2*Lasso+0.8*SVM	Bacteria_vs_Cancer	0.848850574712644	0.791392954987241	0.906308194438046	0.380457431946881	0.71264367816092	0.875	0.790419161676647	0.792483660130719	0.686091155609206	0.898876164652232	0.426514214655699	0.638888888888889	0.911764705882353	0.771428571428571
0.3*Lasso+0.7*SVM	Bacteria_vs_Cancer	0.866522988505747	0.813693544108071	0.919352432903423	0.375819472450298	0.701149425287356	0.9	0.796407185628742	0.795751633986928	0.690494289206243	0.901008978767614	0.513216812767965	0.694444444444444	0.852941176470588	0.771428571428571
0.4*Lasso+0.6*SVM	Bacteria_vs_Cancer	0.885488505747126	0.837682536866406	0.933294474627847	0.452695710040568	0.770114942528736	0.85	0.808383233532934	0.803921568627451	0.700636581541954	0.907206555712948	0.494185613566783	0.694444444444444	0.882352941176471	0.785714285714286
0.5*Lasso+0.5*SVM	Bacteria_vs_Cancer	0.89698275862069	0.852327420901351	0.941638096340028	0.470540370770318	0.770114942528736	0.85	0.808383233532934	0.809640522875817	0.708455971724859	0.910825074026775	0.454919811512256	0.666666666666667	0.882352941176471	0.771428571428571
0.6*Lasso+0.4*SVM	Bacteria_vs_Cancer	0.90632183908046	0.864279362264061	0.948364315896859	0.505436530684394	0.839080459770115	0.8	0.820359281437126	0.805555555555556	0.704276859667131	0.90683425144398	0.50530111532572	0.75	0.764705882352941	0.757142857142857
0.7*Lasso+0.3*SVM	Bacteria_vs_Cancer	0.913362068965517	0.873444612560266	0.953279525370769	0.519737092754127	0.885057471264368	0.775	0.832335329341317	0.808006535947712	0.707735389974726	0.908277681920699	0.542209855331508	0.75	0.735294117647059	0.742857142857143
0.8*Lasso+0.2*SVM	Bacteria_vs_Cancer	0.918247126436782	0.879703890923074	0.956790361950489	0.540818496875214	0.896551724137931	0.7625	0.832335329341317	0.80718954248366	0.706561715275083	0.907817369692237	0.626534913952215	0.833333333333333	0.647058823529412	0.742857142857143
0.9*Lasso+0.1*SVM	Bacteria_vs_Cancer	0.920545977011494	0.882616625455445	0.958475328567544	0.45364122978999	0.816091954022989	0.85	0.832335329341317	0.804738562091503	0.702724436570412	0.906752687612594	0.651330184938262	0.888888888888889	0.617647058823529	0.757142857142857
Lasso	Bacteria_vs_Cancer	0.922126436781609	0.884418934481701	0.959833939081518	0.42777461553025	0.793103448275862	0.9	0.844311377245509	0.801470588235294	0.698735350766779	0.90420582570381	0.646424469265823	0.888888888888889	0.617647058823529	0.757142857142857
SVM	Fungi_vs_Cancer	0.826149425287356	0.760415138633641	0.891883711941071	0.650028301964155	0.724137931034483	0.767857142857143	0.741258741258741	0.67512077294686	0.535363321095073	0.814878224798647	0.647514732650349	0.5	0.869565217391304	0.644067796610169
0.1*Lasso+0.9*SVM	Fungi_vs_Cancer	0.897988505747126	0.850102881197469	0.945874130296783	0.667153973492928	0.747126436781609	0.928571428571429	0.818181818181818	0.70048309178744	0.565556902298722	0.835409281276157	0.655235771680937	0.5	0.91304347826087	0.661016949152542
0.2*Lasso+0.8*SVM	Fungi_vs_Cancer	0.944786535303777	0.911978816815132	0.977594253792421	0.619275373807728	0.839080459770115	0.964285714285714	0.888111888111888	0.733091787439614	0.603181273254197	0.86300230162503	0.6771896629367	0.472222222222222	0.956521739130435	0.661016949152542
0.3*Lasso+0.7*SVM	Fungi_vs_Cancer	0.980500821018062	0.963975564815664	0.997026077220461	0.610604634461799	0.873563218390805	1	0.923076923076923	0.758454106280193	0.632842354039302	0.884065858521085	0.52089228950051	0.694444444444444	0.782608695652174	0.728813559322034
0.4*Lasso+0.6*SVM	Fungi_vs_Cancer	0.998152709359606	0.995241971460323	1	0.542187949262445	0.96551724137931	1	0.979020979020979	0.780193236714976	0.658535255304745	0.901851218125206	0.499154341754547	0.694444444444444	0.826086956521739	0.745762711864407
0.5*Lasso+0.5*SVM	Fungi_vs_Cancer	1	1	1	0.528504745745141	1	1	1	0.792270531400966	0.672876040244433	0.911665022557499	0.420271781878458	0.777777777777778	0.739130434782609	0.76271186440678
0.6*Lasso+0.4*SVM	Fungi_vs_Cancer	1	1	1	0.547747339647717	1	1	1	0.804347826086957	0.687757891111067	0.920937761062846	0.675021645753122	0.638888888888889	0.869565217391304	0.728813559322034
0.7*Lasso+0.3*SVM	Fungi_vs_Cancer	1	1	1	0.538837684162784	1	1	1	0.806763285024155	0.691818145602133	0.921708424446176	0.267979792513559	0.833333333333333	0.695652173913043	0.779661016949153
0.8*Lasso+0.2*SVM	Fungi_vs_Cancer	1	1	1	0.503586628486514	1	1	1	0.823671497584541	0.712882805896926	0.934460189272156	0.674717721548428	0.722222222222222	0.826086956521739	0.76271186440678
0.9*Lasso+0.1*SVM	Fungi_vs_Cancer	1	1	1	0.475821085031655	1	1	1	0.830917874396135	0.722515644337216	0.939320104455055	0.679726065402739	0.722222222222222	0.826086956521739	0.76271186440678
Lasso	Fungi_vs_Cancer	1	1	1	0.451389044608756	1	1	1	0.830917874396135	0.7210318557681	0.94080389302417	0.732112499751212	0.694444444444444	0.826086956521739	0.745762711864407
SVM	TB_vs_Cancer	0.912568306010929	0.868532299995159	0.956604312026698	0.510420933600322	0.896551724137931	0.786885245901639	0.851351351351351	0.715555555555556	0.588369597533733	0.842741513577379	0.85069705315918	0.472222222222222	0.92	0.655737704918033
0.1*Lasso+0.9*SVM	TB_vs_Cancer	0.931976634633503	0.893825668672985	0.97012760059402	0.611452111261925	0.827586206896552	0.918032786885246	0.864864864864865	0.772222222222222	0.656235305108172	0.888209139336273	0.807095575217419	0.555555555555556	0.92	0.704918032786885
0.2*Lasso+0.8*SVM	TB_vs_Cancer	0.946108912756736	0.912186595927293	0.98003122958618	0.592525828056239	0.885057471264368	0.950819672131147	0.912162162162162	0.795555555555556	0.685432455979771	0.90567865513134	0.818842251093973	0.527777777777778	0.96	0.704918032786885
0.3*Lasso+0.7*SVM	TB_vs_Cancer	0.952703975880912	0.92120802106031	0.984199930701514	0.591164504303046	0.896551724137931	0.967213114754098	0.925675675675676	0.844444444444444	0.747408540740166	0.941480348148723	0.675528652726452	0.722222222222222	0.88	0.786885245901639
0.4*Lasso+0.6*SVM	TB_vs_Cancer	0.959299039005088	0.930984550189486	0.987613527820689	0.601631166193795	0.885057471264368	0.967213114754098	0.918918918918919	0.851111111111111	0.754874272410857	0.947347949811365	0.697804838816619	0.722222222222222	0.88	0.786885245901639
0.5*Lasso+0.5*SVM	TB_vs_Cancer	0.963444507254569	0.93745454365745	0.989434470851689	0.604245448613631	0.896551724137931	0.950819672131147	0.918918918918919	0.878888888888889	0.790710676128649	0.967067101649129	0.566195346524215	0.888888888888889	0.76	0.836065573770492
0.6*Lasso+0.4*SVM	TB_vs_Cancer	0.967213114754098	0.943561819525389	0.990864409982807	0.593547525691171	0.896551724137931	0.934426229508197	0.912162162162162	0.887777777777778	0.802317705422647	0.973237850132908	0.513625511521844	0.916666666666667	0.76	0.852459016393443
0.7*Lasso+0.3*SVM	TB_vs_Cancer	0.966836254004145	0.943636410697341	0.99003609731095	0.719390643983806	0.827586206896552	0.983606557377049	0.891891891891892	0.893333333333333	0.809108813470519	0.977557853196148	0.517275421874437	0.916666666666667	0.76	0.852459016393443
0.8*Lasso+0.2*SVM	TB_vs_Cancer	0.965140380629357	0.941009454584681	0.989271306674034	0.707081018576001	0.850574712643678	0.983606557377049	0.905405405405405	0.89	0.803215488034587	0.976784511965413	0.429067428202706	0.972222222222222	0.72	0.868852459016393
0.9*Lasso+0.1*SVM	TB_vs_Cancer	0.962125494629734	0.936714271180567	0.987536718078901	0.736973516355679	0.827586206896552	0.983606557377049	0.891891891891892	0.884444444444444	0.793890273119444	0.974998615769445	0.541945574981098	0.916666666666667	0.76	0.852459016393443
Lasso	TB_vs_Cancer	0.958356887130205	0.931466700651994	0.985247073608417	0.724957495356112	0.839080459770115	0.934426229508197	0.878378378378378	0.888888888888889	0.80022259616436	0.977555181613418	0.547923332286395	0.916666666666667	0.76	0.852459016393443
SVM	Infection_vs_Cancer	0.831378726880215	0.779564576362618	0.883192877397812	0.343210568611441	0.758620689655172	0.817258883248731	0.799295774647887	0.60619918699187	0.492766733107405	0.719631640876335	0.196298331094774	0.555555555555556	0.670731707317073	0.635593220338983
0.1*Lasso+0.9*SVM	Infection_vs_Cancer	0.866503296575063	0.822168726088132	0.910837867061994	0.349395629419292	0.781609195402299	0.857868020304569	0.834507042253521	0.660907859078591	0.550984695789367	0.770831022367814	0.179518215167055	0.694444444444444	0.609756097560976	0.635593220338983
0.2*Lasso+0.8*SVM	Infection_vs_Cancer	0.892409125386545	0.853657102434468	0.931161148338623	0.310270462600201	0.850574712643678	0.82741116751269	0.834507042253521	0.698848238482385	0.589532382297872	0.808164094666898	0.20400094942338	0.694444444444444	0.719512195121951	0.711864406779661
0.3*Lasso+0.7*SVM	Infection_vs_Cancer	0.91522259174981	0.881671408253696	0.948773775245925	0.33242365010917	0.862068965517241	0.868020304568528	0.866197183098592	0.719512195121951	0.611281886115618	0.827742504128284	0.289995840124691	0.583333333333333	0.865853658536585	0.779661016949153
0.4*Lasso+0.6*SVM	Infection_vs_Cancer	0.933601727055254	0.904766465599912	0.962436988510597	0.293327703548973	0.919540229885057	0.83756345177665	0.862676056338028	0.740514905149051	0.635437867877449	0.845591942420654	0.231362568941199	0.694444444444444	0.780487804878049	0.754237288135593
0.5*Lasso+0.5*SVM	Infection_vs_Cancer	0.94667133438357	0.92170492823002	0.97163774053712	0.371852868917555	0.850574712643678	0.913705583756345	0.894366197183099	0.76050135501355	0.658910114645131	0.862092595381969	0.296211207741112	0.638888888888889	0.853658536585366	0.788135593220339
0.6*Lasso+0.4*SVM	Infection_vs_Cancer	0.953847949121886	0.931017608458946	0.976678289784826	0.381512819708682	0.850574712643678	0.928934010152284	0.904929577464789	0.773373983739837	0.673560206212704	0.873187761266971	0.334150381794033	0.638888888888889	0.865853658536585	0.796610169491525
0.7*Lasso+0.3*SVM	Infection_vs_Cancer	0.957582122644262	0.936275123082113	0.97888912220641	0.280394561295152	0.942528735632184	0.817258883248731	0.855633802816901	0.787940379403794	0.691645166759329	0.884235592048259	0.334769300785626	0.638888888888889	0.878048780487805	0.805084745762712
0.8*Lasso+0.2*SVM	Infection_vs_Cancer	0.955831728805648	0.934217027268807	0.977446430342489	0.267475793299509	0.954022988505747	0.812182741116751	0.855633802816901	0.7920054200542	0.697307365739304	0.886703474369097	0.219092006178114	0.805555555555556	0.731707317073171	0.754237288135593
0.9*Lasso+0.1*SVM	Infection_vs_Cancer	0.952505980512282	0.929952982437258	0.975058978587306	0.268183121393661	0.942528735632184	0.822335025380711	0.859154929577465	0.795392953929539	0.701639095067087	0.889146812791991	0.219379930277898	0.805555555555556	0.74390243902439	0.76271186440678
Lasso	Infection_vs_Cancer	0.946321255615847	0.921820342805259	0.970822168426435	0.275880615127088	0.919540229885057	0.822335025380711	0.852112676056338	0.795392953929539	0.702332556885696	0.888453350973383	0.238625947042931	0.777777777777778	0.75609756097561	0.76271186440678
XGBoost	Bacteria_vs_Cancer	0.871120689655172	0.81816584971309	0.924075529597255	0.49421768784523	0.804597701149425	0.825	0.81437125748503	0.659722222222222	0.532611496283082	0.786832948161363	0.574377059936523	0.694444444444444	0.617647058823529	0.657142857142857
0.1*Lasso+0.9*XGBoost	Bacteria_vs_Cancer	0.916379310344828	0.876607619103487	0.956151001586169	0.480975992026258	0.827586206896552	0.8625	0.844311377245509	0.726307189542484	0.606651231696654	0.845963147388313	0.599667191921201	0.888888888888889	0.558823529411765	0.728571428571429
0.2*Lasso+0.8*XGBoost	Bacteria_vs_Cancer	0.943390804597701	0.911369868397304	0.975411740798098	0.462806995675941	0.839080459770115	0.95	0.892215568862275	0.732843137254902	0.6159679513095	0.849718323200304	0.602866628882653	0.861111111111111	0.529411764705882	0.7
0.3*Lasso+0.7*XGBoost	Bacteria_vs_Cancer	0.950287356321839	0.920886464901313	0.979688247742365	0.478679723963946	0.885057471264368	0.9125	0.898203592814371	0.758986928104575	0.646063702587527	0.871910153621624	0.469436685650555	0.666666666666667	0.823529411764706	0.742857142857143
0.4*Lasso+0.6*XGBoost	Bacteria_vs_Cancer	0.949568965517241	0.920452247160343	0.97868568387414	0.467752066449239	0.850574712643678	0.925	0.88622754491018	0.773692810457516	0.663552401680318	0.883833219234715	0.44171859458918	0.611111111111111	0.882352941176471	0.742857142857143
0.5*Lasso+0.5*XGBoost	Bacteria_vs_Cancer	0.941522988505747	0.909809566333633	0.973236410677861	0.457449273981119	0.816091954022989	0.925	0.868263473053892	0.773692810457516	0.663721277306419	0.883664343608614	0.414689739990168	0.611111111111111	0.882352941176471	0.742857142857143
0.6*Lasso+0.4*XGBoost	Bacteria_vs_Cancer	0.937212643678161	0.904123255582114	0.970302031774208	0.442086821963764	0.804597701149425	0.925	0.862275449101796	0.782679738562091	0.675215939225547	0.890143537898636	0.387660885391156	0.583333333333333	0.882352941176471	0.728571428571429
0.7*Lasso+0.3*XGBoost	Bacteria_vs_Cancer	0.934051724137931	0.900006794519937	0.968096653755925	0.439696157191143	0.804597701149425	0.9125	0.856287425149701	0.795751633986928	0.691528488407147	0.899974779566709	0.624065825582065	0.888888888888889	0.588235294117647	0.742857142857143
0.8*Lasso+0.2*XGBoost	Bacteria_vs_Cancer	0.929022988505747	0.893517645201769	0.964528331809725	0.448016553930114	0.804597701149425	0.9	0.850299401197605	0.799836601307189	0.696765721417319	0.90290748119706	0.628410881006357	0.888888888888889	0.617647058823529	0.757142857142857
0.9*Lasso+0.1*XGBoost	Bacteria_vs_Cancer	0.925431034482759	0.88874678511636	0.962115283849157	0.423774925988836	0.781609195402299	0.9125	0.844311377245509	0.800653594771242	0.697686130005068	0.903621059537416	0.6380931673168	0.888888888888889	0.617647058823529	0.757142857142857
Lasso	Bacteria_vs_Cancer	0.922126436781609	0.884418934481701	0.959833939081518	0.42777461553025	0.793103448275862	0.9	0.844311377245509	0.801470588235294	0.698735350766779	0.90420582570381	0.646424469265823	0.888888888888889	0.617647058823529	0.757142857142857
XGBoost	Fungi_vs_Cancer	0.903530377668309	0.849175463820162	0.957885291516456	0.577595695853233	0.793103448275862	0.928571428571429	0.846153846153846	0.631038647342995	0.483030331372771	0.779046963313219	0.589987516403198	0.722222222222222	0.608695652173913	0.677966101694915
0.1*Lasso+0.9*XGBoost	Fungi_vs_Cancer	0.974753694581281	0.955672339337495	0.993835049825067	0.496153827989056	0.942528735632184	0.892857142857143	0.923076923076923	0.772946859903382	0.652458605521141	0.893435114285622	0.576192299385792	0.666666666666667	0.826086956521739	0.728813559322034
0.2*Lasso+0.8*XGBoost	Fungi_vs_Cancer	0.995484400656814	0.989816717406794	1	0.526823684291576	0.96551724137931	0.982142857142857	0.972027972027972	0.826086956521739	0.716318743772071	0.935855169271407	0.517618601626888	0.833333333333333	0.826086956521739	0.830508474576271
0.3*Lasso+0.7*XGBoost	Fungi_vs_Cancer	1	1	1	0.496305219096151	1	1	1	0.823671497584541	0.716452350838303	0.930890644330779	0.453827897165136	0.861111111111111	0.695652173913043	0.796610169491525
0.4*Lasso+0.6*XGBoost	Fungi_vs_Cancer	1	1	1	0.501858500350104	1	1	1	0.835748792270531	0.73334050070259	0.938157083838473	0.394516030390763	0.861111111111111	0.695652173913043	0.796610169491525
0.5*Lasso+0.5*XGBoost	Fungi_vs_Cancer	1	1	1	0.507811085642113	1	1	1	0.838164251207729	0.737286534863484	0.939041967551975	0.352597538170077	0.833333333333333	0.695652173913043	0.779661016949153
0.6*Lasso+0.4*XGBoost	Fungi_vs_Cancer	1	1	1	0.499682131744981	1	1	1	0.841787439613527	0.741263809051236	0.942311070175818	0.262598789236041	0.916666666666667	0.608695652173913	0.796610169491525
0.7*Lasso+0.3*XGBoost	Fungi_vs_Cancer	1	1	1	0.482018299792031	1	1	1	0.842995169082126	0.742885518821403	0.943104819342848	0.2028416222181	0.916666666666667	0.608695652173913	0.796610169491525
0.8*Lasso+0.2*XGBoost	Fungi_vs_Cancer	1	1	1	0.464475238987672	1	1	1	0.852657004830918	0.754239389165376	0.95107462049646	0.142918558726729	0.972222222222222	0.565217391304348	0.813559322033898
0.9*Lasso+0.1*XGBoost	Fungi_vs_Cancer	1	1	1	0.457932141798214	1	1	1	0.844202898550725	0.741508432108558	0.946897364992892	0.0877104408931273	0.972222222222222	0.565217391304348	0.813559322033898
Lasso	Fungi_vs_Cancer	1	1	1	0.451389044608756	1	1	1	0.830917874396135	0.7210318557681	0.94080389302417	0.732112499751212	0.694444444444444	0.826086956521739	0.745762711864407
XGBoost	TB_vs_Cancer	0.939325419257584	0.895837444108234	0.982813394406934	0.515547531843185	0.919540229885057	0.901639344262295	0.912162162162162	0.777777777777778	0.656504122415439	0.899051433140116	0.524917006492615	0.833333333333333	0.68	0.770491803278688
0.1*Lasso+0.9*XGBoost	TB_vs_Cancer	0.97399660825325	0.952208572396427	0.995784644110074	0.542292292402406	0.919540229885057	0.950819672131147	0.932432432432432	0.856666666666667	0.762064790138378	0.951268543194955	0.404256862336549	0.972222222222222	0.6	0.819672131147541
0.2*Lasso+0.8*XGBoost	TB_vs_Cancer	0.980780101752402	0.962581981365619	0.998978222139186	0.520877932140754	0.954022988505747	0.934426229508197	0.945945945945946	0.872222222222222	0.783542876951982	0.960901567492462	0.436303373649929	0.972222222222222	0.64	0.836065573770492
0.3*Lasso+0.7*XGBoost	TB_vs_Cancer	0.97983794987752	0.962189825614079	0.997486074140961	0.543339249831677	0.942528735632184	0.934426229508197	0.939189189189189	0.884444444444444	0.799921282541092	0.968967606347797	0.593290675605775	0.777777777777778	0.84	0.80327868852459
0.4*Lasso+0.6*XGBoost	TB_vs_Cancer	0.977388355002827	0.959522019341722	0.995254690663931	0.54959521594986	0.931034482758621	0.934426229508197	0.932432432432432	0.888888888888889	0.805433269779024	0.972344507998754	0.497503902271774	0.916666666666667	0.72	0.836065573770492
0.5*Lasso+0.5*XGBoost	TB_vs_Cancer	0.97399660825325	0.954899519027195	0.993093697479306	0.58378031843085	0.885057471264368	0.950819672131147	0.912162162162162	0.888888888888889	0.803953858987877	0.973823918789901	0.591760910137912	0.833333333333333	0.8	0.819672131147541
0.6*Lasso+0.4*XGBoost	TB_vs_Cancer	0.972112304503486	0.952066299677943	0.992158309329029	0.508452891526602	0.954022988505747	0.868852459016393	0.918918918918919	0.89	0.804791144056881	0.975208855943119	0.585100859977526	0.861111111111111	0.8	0.836065573770492
0.7*Lasso+0.3*XGBoost	TB_vs_Cancer	0.967778405879028	0.945698032215628	0.989858779542428	0.681111648318063	0.839080459770115	0.967213114754098	0.891891891891892	0.887777777777778	0.800255088196356	0.975300467359199	0.594526471403666	0.861111111111111	0.8	0.836065573770492
0.8*Lasso+0.2*XGBoost	TB_vs_Cancer	0.96551724137931	0.942200787626211	0.988833695132409	0.701825789695003	0.839080459770115	0.967213114754098	0.891891891891892	0.887777777777778	0.799471921352955	0.9760836342026	0.441088397265857	0.972222222222222	0.68	0.852459016393443
0.9*Lasso+0.1*XGBoost	TB_vs_Cancer	0.960994912379876	0.935329218125597	0.986660606634154	0.745050972395465	0.804597701149425	0.983606557377049	0.878378378378378	0.884444444444444	0.794540089969212	0.974348798919677	0.438944940225838	0.972222222222222	0.68	0.852459016393443
Lasso	TB_vs_Cancer	0.958356887130205	0.931466700651994	0.985247073608417	0.724957495356112	0.839080459770115	0.934426229508197	0.878378378378378	0.888888888888889	0.80022259616436	0.977555181613418	0.547923332286395	0.916666666666667	0.76	0.852459016393443
XGBoost	Infection_vs_Cancer	0.785343368924675	0.72321026513853	0.84747647271082	0.441295690834522	0.827586206896552	0.746192893401015	0.77112676056338	0.635670731707317	0.536433047232616	0.734908416182018	0.382661208510399	0.638888888888889	0.682926829268293	0.669491525423729
0.1*Lasso+0.9*XGBoost	Infection_vs_Cancer	0.892642511231694	0.855543296891875	0.929741725571512	0.450779599095721	0.850574712643678	0.817258883248731	0.827464788732394	0.734756097560976	0.639210289333984	0.830301905787967	0.358826123953393	0.916666666666667	0.585365853658537	0.686440677966102
0.2*Lasso+0.8*XGBoost	Infection_vs_Cancer	0.934535270435848	0.907227625509795	0.961842915361901	0.44163999393538	0.896551724137931	0.857868020304569	0.869718309859155	0.759146341463415	0.66528585548445	0.853006827442379	0.344937579394442	0.916666666666667	0.609756097560976	0.703389830508475
0.3*Lasso+0.7*XGBoost	Infection_vs_Cancer	0.950172122060797	0.927376538004122	0.972967706117472	0.413148941611752	0.919540229885057	0.847715736040609	0.869718309859155	0.776761517615176	0.684387801259129	0.869135233971223	0.331049034835491	0.861111111111111	0.609756097560976	0.686440677966102
0.4*Lasso+0.6*XGBoost	Infection_vs_Cancer	0.957173697415252	0.936969029719786	0.977378365110718	0.386425655038381	0.931034482758621	0.847715736040609	0.873239436619718	0.787262872628726	0.695650012925176	0.878875732332277	0.330527810494031	0.833333333333333	0.658536585365854	0.711864406779661
0.5*Lasso+0.5*XGBoost	Infection_vs_Cancer	0.958457319563568	0.938624083737939	0.978290555389198	0.389005760112193	0.896551724137931	0.893401015228426	0.894366197183099	0.79810298102981	0.707483395238756	0.888722566820864	0.303745133581491	0.861111111111111	0.670731707317073	0.728813559322034
0.6*Lasso+0.4*XGBoost	Infection_vs_Cancer	0.9574070832604	0.937134587139253	0.977679579381547	0.355234401309836	0.931034482758621	0.852791878172589	0.876760563380282	0.800135501355014	0.709346664231116	0.890924338478911	0.416688952211841	0.638888888888889	0.878048780487805	0.805084745762712
0.7*Lasso+0.3*XGBoost	Infection_vs_Cancer	0.95396464204446	0.932306285339081	0.975622998749839	0.332448950154738	0.942528735632184	0.83248730964467	0.866197183098592	0.79979674796748	0.708374955340814	0.891218540594145	0.399720764091754	0.638888888888889	0.878048780487805	0.805084745762712
0.8*Lasso+0.2*XGBoost	Infection_vs_Cancer	0.951922515899411	0.929446526524784	0.974398505274037	0.315162815176568	0.931034482758621	0.83248730964467	0.862676056338028	0.798441734417344	0.70610243116091	0.890781037673778	0.299693914999993	0.75	0.768292682926829	0.76271186440678
0.9*Lasso+0.1*XGBoost	Infection_vs_Cancer	0.949530310986639	0.926132807188235	0.972927814785043	0.334946140980715	0.896551724137931	0.852791878172589	0.866197183098592	0.794715447154472	0.701472581658406	0.887958312650537	0.281342486340465	0.75	0.768292682926829	0.76271186440678
Lasso	Infection_vs_Cancer	0.946321255615847	0.921820342805259	0.970822168426435	0.275880615127088	0.919540229885057	0.822335025380711	0.852112676056338	0.795392953929539	0.702332556885696	0.888453350973383	0.238625947042931	0.777777777777778	0.75609756097561	0.76271186440678
SVM	Bacteria_vs_Cancer	0.800718390804598	0.732017487942138	0.869419293667058	0.396902025255043	0.724137931034483	0.8375	0.778443113772455	0.769607843137255	0.657589642933318	0.881626043341192	0.468385350745174	0.638888888888889	0.882352941176471	0.757142857142857
0.1*RF+0.9*SVM	Bacteria_vs_Cancer	0.821264367816092	0.757300315194307	0.885228420437877	0.37916513597648	0.701149425287356	0.8625	0.778443113772455	0.781045751633987	0.672783633381533	0.889307869886441	0.469721310743213	0.638888888888889	0.882352941176471	0.757142857142857
0.2*RF+0.8*SVM	Bacteria_vs_Cancer	0.836781609195402	0.776573755801475	0.89698946258933	0.39867892598262	0.701149425287356	0.8625	0.778443113772455	0.797385620915033	0.69375331837157	0.901017923458496	0.376350158389356	0.611111111111111	0.911764705882353	0.757142857142857
0.3*RF+0.7*SVM	Bacteria_vs_Cancer	0.852011494252874	0.795638198146879	0.908384790358869	0.321965579708446	0.632183908045977	0.95	0.784431137724551	0.80718954248366	0.705873765365923	0.908505319601397	0.389445070443932	0.638888888888889	0.911764705882353	0.771428571428571
0.4*RF+0.6*SVM	Bacteria_vs_Cancer	0.865373563218391	0.812716775069297	0.918030351367485	0.340631473957349	0.632183908045977	0.95	0.784431137724551	0.821895424836601	0.724412531559413	0.919378318113789	0.405288824445502	0.638888888888889	0.911764705882353	0.771428571428571
0.5*RF+0.5*SVM	Bacteria_vs_Cancer	0.875718390804598	0.825773559718197	0.925663221890998	0.399414035686001	0.701149425287356	0.9	0.796407185628742	0.839052287581699	0.745767876155946	0.932336699007453	0.544022430843809	0.722222222222222	0.823529411764706	0.771428571428571
0.6*RF+0.4*SVM	Bacteria_vs_Cancer	0.882183908045977	0.833776791059549	0.930591025032405	0.4267967945512	0.724137931034483	0.9	0.808383233532934	0.845588235294118	0.753662934154943	0.937513536433292	0.696677109201209	0.972222222222222	0.588235294117647	0.785714285714286
0.7*RF+0.3*SVM	Bacteria_vs_Cancer	0.888649425287356	0.84156140124729	0.935737449327423	0.45050633110079	0.770114942528736	0.875	0.820359281437126	0.854575163398693	0.765021876091137	0.944128450706249	0.667688415179737	0.944444444444444	0.617647058823529	0.785714285714286
0.8*RF+0.2*SVM	Bacteria_vs_Cancer	0.891666666666667	0.845019620143991	0.938313713189343	0.47874584487103	0.804597701149425	0.8625	0.832335329341317	0.854575163398693	0.764758650149118	0.944391676648268	0.658968148301974	0.944444444444444	0.647058823529412	0.8
0.9*RF+0.1*SVM	Bacteria_vs_Cancer	0.891954022988506	0.845393563077674	0.938514482899338	0.494805167303779	0.816091954022989	0.825	0.820359281437126	0.852124183006536	0.760673543027049	0.943574822986023	0.642901732881146	0.944444444444444	0.647058823529412	0.8
RF	Bacteria_vs_Cancer	0.890373563218391	0.843039578270603	0.937707548166178	0.475160277777778	0.793103448275862	0.8625	0.826347305389222	0.85702614379085	0.765571862588791	0.948480424992909	0.472034523809524	0.75	0.882352941176471	0.814285714285714
SVM	Fungi_vs_Cancer	0.826149425287356	0.760415138633641	0.891883711941071	0.650028301964155	0.724137931034483	0.767857142857143	0.741258741258741	0.67512077294686	0.535363321095073	0.814878224798647	0.647514732650349	0.5	0.869565217391304	0.644067796610169
0.1*RF+0.9*SVM	Fungi_vs_Cancer	0.849343185550082	0.788755553676126	0.909930817424038	0.65947022097663	0.735632183908046	0.839285714285714	0.776223776223776	0.695652173913043	0.559427022758628	0.831877325067459	0.643572922573303	0.527777777777778	0.869565217391304	0.661016949152542
0.2*RF+0.8*SVM	Fungi_vs_Cancer	0.866995073891626	0.81067428371085	0.923315864072401	0.649319528362393	0.770114942528736	0.839285714285714	0.797202797202797	0.710144927536232	0.576065542901895	0.844224312170568	0.686326869331414	0.5	0.91304347826087	0.661016949152542
0.3*RF+0.7*SVM	Fungi_vs_Cancer	0.887110016420361	0.835311190479288	0.938908842361435	0.661093387374104	0.735632183908046	0.892857142857143	0.797202797202797	0.72463768115942	0.593670827075174	0.855604535243666	0.57140139969977	0.694444444444444	0.782608695652174	0.728813559322034
0.4*RF+0.6*SVM	Fungi_vs_Cancer	0.904146141215107	0.856328307723655	0.951963974706558	0.66542835533024	0.735632183908046	0.928571428571429	0.811188811188811	0.751207729468599	0.626081628627688	0.87633383030951	0.631809636213581	0.611111111111111	0.869565217391304	0.711864406779661
0.5*RF+0.5*SVM	Fungi_vs_Cancer	0.916666666666667	0.87115916207201	0.962174171261323	0.597561486113456	0.827586206896552	0.857142857142857	0.839160839160839	0.781400966183575	0.663379054654601	0.899422877712548	0.665268054719437	0.638888888888889	0.91304347826087	0.745762711864407
0.6*RF+0.4*SVM	Fungi_vs_Cancer	0.923850574712644	0.878949293629752	0.968751855795536	0.621661171508537	0.816091954022989	0.910714285714286	0.853146853146853	0.800724637681159	0.688133826293383	0.913315449068936	0.657304493155437	0.638888888888889	0.91304347826087	0.745762711864407
0.7*RF+0.3*SVM	Fungi_vs_Cancer	0.924055829228243	0.87866518528425	0.969446473172236	0.56224774186172	0.908045977011494	0.803571428571429	0.867132867132867	0.805555555555556	0.694192906651202	0.916918204459909	0.666965526035174	0.611111111111111	0.956521739130435	0.745762711864407
0.8*RF+0.2*SVM	Fungi_vs_Cancer	0.914819376026273	0.866464400976568	0.963174351075977	0.644745615309603	0.781609195402299	0.928571428571429	0.839160839160839	0.822463768115942	0.716001522910351	0.928926013321534	0.703769515466162	0.583333333333333	1	0.745762711864407
0.9*RF+0.1*SVM	Fungi_vs_Cancer	0.9061986863711	0.855168500804815	0.957228871937385	0.659851728144768	0.770114942528736	0.946428571428571	0.839160839160839	0.834541062801932	0.731512823908173	0.937569301695692	0.661641600460907	0.694444444444444	0.91304347826087	0.779661016949153
RF	Fungi_vs_Cancer	0.89059934318555	0.835287222739324	0.945911463631777	0.628388650793651	0.793103448275862	0.875	0.825174825174825	0.829710144927536	0.72251020687257	0.936910082982502	0.6473	0.777777777777778	0.869565217391304	0.813559322033898
SVM	TB_vs_Cancer	0.912568306010929	0.868532299995159	0.956604312026698	0.510420933600322	0.896551724137931	0.786885245901639	0.851351351351351	0.715555555555556	0.588369597533733	0.842741513577379	0.85069705315918	0.472222222222222	0.92	0.655737704918033
0.1*RF+0.9*SVM	TB_vs_Cancer	0.920859242509893	0.879235270037563	0.962483214982222	0.595153135131865	0.816091954022989	0.885245901639344	0.844594594594595	0.751111111111111	0.630670765040562	0.87155145718166	0.626978722204621	0.694444444444444	0.72	0.704918032786885
0.2*RF+0.8*SVM	TB_vs_Cancer	0.92839645750895	0.889243195897446	0.967549719120455	0.59172345431457	0.850574712643678	0.885245901639344	0.864864864864865	0.774444444444444	0.658314797138932	0.890574091749957	0.583396346844396	0.805555555555556	0.68	0.754098360655738
0.3*RF+0.7*SVM	TB_vs_Cancer	0.934049368758244	0.89684896443992	0.971249773076567	0.572140691338974	0.873563218390805	0.868852459016393	0.871621621621622	0.784444444444444	0.670703614489706	0.898185274399182	0.577578402415771	0.833333333333333	0.68	0.770491803278688
0.4*RF+0.6*SVM	TB_vs_Cancer	0.938194837007726	0.902572153262112	0.973817520753339	0.603808101453488	0.827586206896552	0.918032786885246	0.864864864864865	0.798888888888889	0.68900763362483	0.908770144152948	0.818992525484634	0.5	1	0.704918032786885
0.5*RF+0.5*SVM	TB_vs_Cancer	0.940832862257396	0.905953939104828	0.975711785409963	0.619430039208232	0.816091954022989	0.950819672131147	0.871621621621622	0.813333333333333	0.7079540326237	0.918712634042967	0.80749522626365	0.527777777777778	1	0.721311475409836
0.6*RF+0.4*SVM	TB_vs_Cancer	0.94007914075749	0.904960707943385	0.975197573571595	0.628507039146057	0.816091954022989	0.950819672131147	0.871621621621622	0.836666666666667	0.738436220166422	0.934897113166912	0.795997927042666	0.527777777777778	1	0.721311475409836
0.7*RF+0.3*SVM	TB_vs_Cancer	0.942340305257207	0.90816292212946	0.976517688384955	0.646386980456648	0.816091954022989	0.967213114754098	0.878378378378378	0.852222222222222	0.759857664256465	0.944586780187979	0.750658942112155	0.583333333333333	0.96	0.737704918032787
0.8*RF+0.2*SVM	TB_vs_Cancer	0.941775014132278	0.907808830371521	0.975741197893035	0.640356247867552	0.816091954022989	0.950819672131147	0.871621621621622	0.865555555555556	0.778261974478382	0.95284913663273	0.728439929698148	0.638888888888889	0.96	0.770491803278688
0.9*RF+0.1*SVM	TB_vs_Cancer	0.938948558507631	0.903486531921979	0.974410585093283	0.634228662712436	0.816091954022989	0.950819672131147	0.871621621621622	0.88	0.798700544896609	0.961299455103391	0.748917939946487	0.638888888888889	1	0.786885245901639
RF	TB_vs_Cancer	0.932165065008479	0.89421131744974	0.970118812567218	0.609284476911977	0.827586206896552	0.901639344262295	0.858108108108108	0.89	0.813026904614655	0.966973095385345	0.735608730158731	0.666666666666667	1	0.80327868852459
SVM	Infection_vs_Cancer	0.831378726880215	0.779564576362618	0.883192877397812	0.343210568611441	0.758620689655172	0.817258883248731	0.799295774647887	0.60619918699187	0.492766733107405	0.719631640876335	0.196298331094774	0.555555555555556	0.670731707317073	0.635593220338983
0.1*RF+0.9*SVM	Infection_vs_Cancer	0.84444833420853	0.795111231974449	0.893785436442611	0.354782795400453	0.758620689655172	0.847715736040609	0.820422535211268	0.633468834688347	0.521810104528343	0.745127564848351	0.215199876952272	0.583333333333333	0.707317073170732	0.669491525423729
0.2*RF+0.8*SVM	Infection_vs_Cancer	0.857926366765856	0.81104744896886	0.904805284562852	0.358175201551095	0.758620689655172	0.862944162436548	0.830985915492958	0.66260162601626	0.554513464007981	0.77068978802454	0.18627424128122	0.666666666666667	0.609756097560976	0.627118644067797
0.3*RF+0.7*SVM	Infection_vs_Cancer	0.870179123636151	0.825859820646759	0.914498426625543	0.35617649455698	0.758620689655172	0.873096446700508	0.838028169014085	0.686653116531165	0.582045863011533	0.791260370050798	0.257757574927479	0.527777777777778	0.780487804878049	0.703389830508475
0.4*RF+0.6*SVM	Infection_vs_Cancer	0.881031565435556	0.838808960259177	0.923254170611935	0.37193978503984	0.758620689655172	0.883248730964467	0.845070422535211	0.709349593495935	0.607878952770112	0.810820234221758	0.276106903588975	0.527777777777778	0.804878048780488	0.720338983050847
0.5*RF+0.5*SVM	Infection_vs_Cancer	0.891475582005951	0.851651745026134	0.931299418985768	0.345632111482333	0.804597701149425	0.842639593908629	0.830985915492958	0.736449864498645	0.639969108341838	0.832930620655452	0.163053813720545	0.888888888888889	0.475609756097561	0.601694915254237
0.6*RF+0.4*SVM	Infection_vs_Cancer	0.898477157360406	0.860144696183613	0.936809618537199	0.316556894651645	0.885057471264368	0.781725888324873	0.813380281690141	0.757452574525745	0.664199910661149	0.850705238390341	0.17342051368485	0.916666666666667	0.5	0.627118644067797
0.7*RF+0.3*SVM	Infection_vs_Cancer	0.902269677344069	0.865126631532982	0.939412723155156	0.326103876154632	0.873563218390805	0.791878172588833	0.816901408450704	0.776761517615176	0.687094590378873	0.866428444851479	0.170447621663339	0.972222222222222	0.463414634146341	0.61864406779661
0.8*RF+0.2*SVM	Infection_vs_Cancer	0.898652196744267	0.861665906108916	0.935638487379619	0.289574683280226	0.942528735632184	0.730964467005076	0.795774647887324	0.797425474254743	0.711831325564712	0.883019622944774	0.187532094855049	0.972222222222222	0.524390243902439	0.661016949152542
0.9*RF+0.1*SVM	Infection_vs_Cancer	0.890425345702783	0.852586683877442	0.928264007528124	0.304836850948683	0.919540229885057	0.761421319796954	0.809859154929577	0.808943089430894	0.72683979633131	0.891046382530479	0.199839021668875	0.972222222222222	0.573170731707317	0.694915254237288
RF	Infection_vs_Cancer	0.876363848532587	0.836481266412031	0.916246430653142	0.318214801587302	0.873563218390805	0.756345177664975	0.792253521126761	0.817411924119241	0.736882674361234	0.897941173877249	0.20260753968254	0.972222222222222	0.573170731707317	0.694915254237288
XGBoost	Bacteria_vs_Cancer	0.871120689655172	0.81816584971309	0.924075529597255	0.49421768784523	0.804597701149425	0.825	0.81437125748503	0.659722222222222	0.532611496283082	0.786832948161363	0.574377059936523	0.694444444444444	0.617647058823529	0.657142857142857
0.1*RF+0.9*XGBoost	Bacteria_vs_Cancer	0.902155172413793	0.858017823463581	0.946292521364005	0.496714164093684	0.839080459770115	0.85	0.844311377245509	0.731209150326797	0.612592525322752	0.849825775330843	0.561065337431241	0.75	0.705882352941177	0.728571428571429
0.2*RF+0.8*XGBoost	Bacteria_vs_Cancer	0.917528735632184	0.877505108462684	0.957552362801684	0.484289417174203	0.839080459770115	0.8875	0.862275449101796	0.756535947712418	0.64234044242235	0.870731453002486	0.566486266689603	0.805555555555556	0.676470588235294	0.742857142857143
0.3*RF+0.7*XGBoost	Bacteria_vs_Cancer	0.926724137931034	0.889240585066269	0.9642076907958	0.472141026642799	0.839080459770115	0.9	0.868263473053892	0.782679738562091	0.673637237770142	0.891722239354041	0.563371611508982	0.805555555555556	0.705882352941177	0.757142857142857
0.4*RF+0.6*XGBoost	Bacteria_vs_Cancer	0.92801724137931	0.891078463233191	0.964956019525429	0.451389627989337	0.758620689655172	0.9625	0.856287425149701	0.800653594771242	0.695586663822654	0.90572052571983	0.573206207158679	0.861111111111111	0.676470588235294	0.771428571428571
0.5*RF+0.5*XGBoost	Bacteria_vs_Cancer	0.923275862068966	0.885127708782514	0.961424015355417	0.455299614994904	0.770114942528736	0.9375	0.850299401197605	0.821078431372549	0.720850423177012	0.921306439568086	0.550497173353604	0.805555555555556	0.735294117647059	0.771428571428571
0.6*RF+0.4*XGBoost	Bacteria_vs_Cancer	0.915804597701149	0.875355419852209	0.95625377555009	0.433353687194188	0.747126436781609	0.95	0.844311377245509	0.833333333333333	0.736145616954088	0.930521049712579	0.537128221089953	0.805555555555556	0.764705882352941	0.785714285714286
0.7*RF+0.3*XGBoost	Bacteria_vs_Cancer	0.911781609195402	0.870280947029209	0.953282271361595	0.431618658139414	0.747126436781609	0.925	0.832335329341317	0.840686274509804	0.745986569613939	0.935385979405669	0.526392589726448	0.777777777777778	0.794117647058823	0.785714285714286
0.8*RF+0.2*XGBoost	Bacteria_vs_Cancer	0.905459770114942	0.862219207565151	0.948700332664734	0.429814286608212	0.747126436781609	0.9125	0.826347305389222	0.850490196078431	0.758000456306368	0.942979935850495	0.51434029791287	0.777777777777778	0.794117647058823	0.785714285714286
0.9*RF+0.1*XGBoost	Bacteria_vs_Cancer	0.897701149425287	0.852364765777171	0.943037533073404	0.480966365538938	0.793103448275862	0.85	0.820359281437126	0.852124183006536	0.759896297946386	0.944352068066686	0.473821970061234	0.75	0.852941176470588	0.8
RF	Bacteria_vs_Cancer	0.890373563218391	0.843039578270603	0.937707548166178	0.475160277777778	0.793103448275862	0.8625	0.826347305389222	0.85702614379085	0.765571862588791	0.948480424992909	0.472034523809524	0.75	0.882352941176471	0.814285714285714
XGBoost	Fungi_vs_Cancer	0.903530377668309	0.849175463820162	0.957885291516456	0.577595695853233	0.793103448275862	0.928571428571429	0.846153846153846	0.631038647342995	0.483030331372771	0.779046963313219	0.589987516403198	0.722222222222222	0.608695652173913	0.677966101694915
0.1*RF+0.9*XGBoost	Fungi_vs_Cancer	0.938218390804598	0.9022914338988	0.974145347710396	0.570888603291353	0.793103448275862	0.928571428571429	0.846153846153846	0.727053140096618	0.596862295712919	0.857243984480318	0.617662215383923	0.638888888888889	0.739130434782609	0.677966101694915
0.2*RF+0.8*XGBoost	Fungi_vs_Cancer	0.949096880131363	0.917546655957379	0.980647104305346	0.563025808864654	0.816091954022989	0.910714285714286	0.853146853146853	0.759661835748792	0.636216634831875	0.88310703666571	0.637980020376539	0.583333333333333	0.869565217391304	0.694915254237288
0.3*RF+0.7*XGBoost	Fungi_vs_Cancer	0.952175697865353	0.921499967869927	0.982851427860779	0.514625903356212	0.931034482758621	0.821428571428571	0.888111888111888	0.782608695652174	0.664542584356243	0.900674806948104	0.627324134892963	0.666666666666667	0.826086956521739	0.728813559322034
0.4*RF+0.6*XGBoost	Fungi_vs_Cancer	0.949096880131363	0.916601410093083	0.981592350169643	0.533501373386943	0.919540229885057	0.857142857142857	0.895104895104895	0.792270531400966	0.676187064621175	0.908353998180758	0.624946074141321	0.694444444444444	0.826086956521739	0.745762711864407
0.5*RF+0.5*XGBoost	Fungi_vs_Cancer	0.943349753694581	0.907910306826619	0.978789200562544	0.514768070374481	0.954022988505747	0.821428571428571	0.902097902097902	0.809178743961353	0.697107927541188	0.921249560381517	0.641725657576606	0.722222222222222	0.869565217391304	0.779661016949153
0.6*RF+0.4*XGBoost	Fungi_vs_Cancer	0.93431855500821	0.894771727270382	0.973865382746038	0.525188512714931	0.942528735632184	0.803571428571429	0.888111888111888	0.816425120772947	0.706333740927648	0.926516500618245	0.64584243082319	0.722222222222222	0.869565217391304	0.779661016949153
0.7*RF+0.3*XGBoost	Fungi_vs_Cancer	0.921592775041051	0.877086267503823	0.966099282578278	0.574620259952863	0.850574712643678	0.839285714285714	0.846153846153846	0.823671497584541	0.715388822079217	0.931954173089865	0.649959204069773	0.722222222222222	0.869565217391304	0.779661016949153
0.8*RF+0.2*XGBoost	Fungi_vs_Cancer	0.911330049261084	0.862618135085617	0.96004196343655	0.580281161311339	0.839080459770115	0.839285714285714	0.839160839160839	0.822463768115942	0.713733307002618	0.931194229229267	0.644226089888452	0.75	0.869565217391304	0.796610169491525
0.9*RF+0.1*XGBoost	Fungi_vs_Cancer	0.900656814449918	0.84827411466275	0.953039514237086	0.639828439754077	0.781609195402299	0.892857142857143	0.825174825174825	0.82487922705314	0.716481293299637	0.933277160806644	0.654873677000318	0.75	0.869565217391304	0.796610169491525
RF	Fungi_vs_Cancer	0.89059934318555	0.835287222739324	0.945911463631777	0.628388650793651	0.793103448275862	0.875	0.825174825174825	0.829710144927536	0.72251020687257	0.936910082982502	0.6473	0.777777777777778	0.869565217391304	0.813559322033898
XGBoost	TB_vs_Cancer	0.939325419257584	0.895837444108234	0.982813394406934	0.515547531843185	0.919540229885057	0.901639344262295	0.912162162162162	0.777777777777778	0.656504122415439	0.899051433140116	0.524917006492615	0.833333333333333	0.68	0.770491803278688
0.1*RF+0.9*XGBoost	TB_vs_Cancer	0.959110608630111	0.928971391113344	0.989249826146878	0.502969592881394	0.942528735632184	0.868852459016393	0.912162162162162	0.866666666666667	0.779885407579403	0.953447925753931	0.618279653326519	0.666666666666667	0.92	0.770491803278688
0.2*RF+0.8*XGBoost	TB_vs_Cancer	0.964575089504428	0.937555931795625	0.991594247213232	0.525003439221455	0.931034482758621	0.934426229508197	0.932432432432432	0.872222222222222	0.788126304184872	0.956318140259572	0.626488772236492	0.666666666666667	0.92	0.770491803278688
0.3*RF+0.7*XGBoost	TB_vs_Cancer	0.964009798379499	0.937159764096666	0.990859832662332	0.541472975729394	0.896551724137931	0.950819672131147	0.918918918918919	0.881111111111111	0.800457985142311	0.961764237079911	0.611233028425035	0.722222222222222	0.88	0.786885245901639
0.4*RF+0.6*XGBoost	TB_vs_Cancer	0.960052760504993	0.931753858868014	0.988351662141973	0.562341138219293	0.873563218390805	0.967213114754098	0.912162162162162	0.884444444444444	0.805300828015065	0.963588060873824	0.670433633650674	0.611111111111111	1	0.770491803278688
0.5*RF+0.5*XGBoost	TB_vs_Cancer	0.957414735255323	0.928444468048236	0.98638500246241	0.542799206337921	0.885057471264368	0.934426229508197	0.905405405405405	0.888888888888889	0.81151751312404	0.966260264653737	0.683141453968154	0.611111111111111	1	0.770491803278688
0.6*RF+0.4*XGBoost	TB_vs_Cancer	0.952138684755983	0.921362471698587	0.982914897813378	0.611748744326571	0.816091954022989	0.983606557377049	0.885135135135135	0.888888888888889	0.811518315811533	0.966259461966245	0.684599750476111	0.638888888888889	1	0.786885245901639
0.7*RF+0.3*XGBoost	TB_vs_Cancer	0.947804786131524	0.915343969046445	0.980265603216604	0.628523747217733	0.793103448275862	0.983606557377049	0.871621621621622	0.888888888888889	0.811260933950722	0.966516843827056	0.69543265015867	0.666666666666667	1	0.80327868852459
0.8*RF+0.2*XGBoost	TB_vs_Cancer	0.941963444507255	0.907494111877636	0.976432777136873	0.607102801184618	0.827586206896552	0.950819672131147	0.878378378378378	0.888888888888889	0.811392322835249	0.966385454942529	0.70626554984123	0.666666666666667	1	0.80327868852459
0.9*RF+0.1*XGBoost	TB_vs_Cancer	0.938194837007726	0.902148254297493	0.974241419717959	0.626862924530504	0.816091954022989	0.950819672131147	0.871621621621622	0.888888888888889	0.811392322835249	0.966385454942529	0.717417469717435	0.666666666666667	1	0.80327868852459
RF	TB_vs_Cancer	0.932165065008479	0.89421131744974	0.970118812567218	0.609284476911977	0.827586206896552	0.901639344262295	0.858108108108108	0.89	0.813026904614655	0.966973095385345	0.735608730158731	0.666666666666667	1	0.80327868852459
XGBoost	Infection_vs_Cancer	0.785343368924675	0.72321026513853	0.84747647271082	0.441295690834522	0.827586206896552	0.746192893401015	0.77112676056338	0.635670731707317	0.536433047232616	0.734908416182018	0.382661208510399	0.638888888888889	0.682926829268293	0.669491525423729
0.1*RF+0.9*XGBoost	Infection_vs_Cancer	0.846432113892292	0.800479133318198	0.892385094466387	0.42254191540206	0.850574712643678	0.751269035532995	0.78169014084507	0.739837398373984	0.649528556903926	0.830146239844042	0.359931296899205	0.916666666666667	0.597560975609756	0.694915254237288
0.2*RF+0.8*XGBoost	Infection_vs_Cancer	0.874788494077834	0.834686130642207	0.914890857513461	0.4080491601343	0.873563218390805	0.741116751269036	0.78169014084507	0.752710027100271	0.663914003980663	0.841506050219879	0.347147925286066	0.916666666666667	0.609756097560976	0.703389830508475
0.3*RF+0.7*XGBoost	Infection_vs_Cancer	0.888091487251298	0.850823696907356	0.925359277595241	0.404610844593582	0.896551724137931	0.751269035532995	0.795774647887324	0.768292682926829	0.681248677642295	0.855336688211364	0.334364553672927	0.916666666666667	0.609756097560976	0.703389830508475
0.4*RF+0.6*XGBoost	Infection_vs_Cancer	0.895501487834763	0.859881195327378	0.931121780342148	0.41770243587291	0.839080459770115	0.817258883248731	0.823943661971831	0.784214092140921	0.698955651832209	0.869472532449634	0.321581182059787	0.916666666666667	0.609756097560976	0.703389830508475
0.5*RF+0.5*XGBoost	Infection_vs_Cancer	0.897310228134664	0.86212633487982	0.932494121389507	0.405455128604325	0.862068965517241	0.802030456852792	0.820422535211268	0.790650406504065	0.706010078075225	0.875290734932905	0.308797810446648	0.916666666666667	0.609756097560976	0.703389830508475
0.6*RF+0.4*XGBoost	Infection_vs_Cancer	0.898418810899119	0.863339785610158	0.933497836188079	0.357818862172899	0.931034482758621	0.751269035532995	0.806338028169014	0.796070460704607	0.712166448605614	0.8799744728036	0.296014438833509	0.916666666666667	0.609756097560976	0.703389830508475
0.7*RF+0.3*XGBoost	Infection_vs_Cancer	0.892934243538129	0.85677418614947	0.929094300926789	0.337464995513784	0.931034482758621	0.730964467005076	0.792253521126761	0.805216802168022	0.722861649122847	0.887571955213197	0.281281664848858	0.916666666666667	0.621951219512195	0.711864406779661
0.8*RF+0.2*XGBoost	Infection_vs_Cancer	0.886924558025556	0.849475592814666	0.924373523236445	0.306422367364164	0.96551724137931	0.680203045685279	0.767605633802817	0.807926829268293	0.725862049443492	0.889991609093093	0.257404359124728	0.916666666666667	0.609756097560976	0.703389830508475
0.9*RF+0.1*XGBoost	Infection_vs_Cancer	0.882315187583873	0.843692590404299	0.920937784763447	0.341641834999289	0.862068965517241	0.776649746192893	0.802816901408451	0.813685636856369	0.73259460307212	0.894776670640617	0.240277147626196	0.916666666666667	0.621951219512195	0.711864406779661
RF	Infection_vs_Cancer	0.876363848532587	0.836481266412031	0.916246430653142	0.318214801587302	0.873563218390805	0.756345177664975	0.792253521126761	0.817411924119241	0.736882674361234	0.897941173877249	0.20260753968254	0.972222222222222	0.573170731707317	0.694915254237288
XGBoost	Bacteria_vs_Cancer	0.871120689655172	0.81816584971309	0.924075529597255	0.49421768784523	0.804597701149425	0.825	0.81437125748503	0.659722222222222	0.532611496283082	0.786832948161363	0.574377059936523	0.694444444444444	0.617647058823529	0.657142857142857
0.1*SVM+0.9*XGBoost	Bacteria_vs_Cancer	0.894540229885057	0.848566311837684	0.940514147932431	0.4809835285245	0.793103448275862	0.8375	0.81437125748503	0.71078431372549	0.588988736916884	0.832579890534096	0.550180961567017	0.694444444444444	0.705882352941177	0.7
0.2*SVM+0.8*XGBoost	Bacteria_vs_Cancer	0.893965517241379	0.847875138386768	0.940055896095991	0.468573596387309	0.735632183908046	0.875	0.802395209580838	0.719771241830065	0.599608964399792	0.839933519260339	0.557776982675923	0.722222222222222	0.676470588235294	0.7
0.3*SVM+0.7*XGBoost	Bacteria_vs_Cancer	0.886494252873563	0.838624014160893	0.934364491586234	0.447252456308785	0.701149425287356	0.9	0.796407185628742	0.741830065359477	0.625744165904046	0.857915964814908	0.530855275471051	0.694444444444444	0.735294117647059	0.714285714285714
0.4*SVM+0.6*XGBoost	Bacteria_vs_Cancer	0.877873563218391	0.827990273988506	0.927756852448275	0.450297112049612	0.747126436781609	0.875	0.808383233532934	0.761437908496732	0.64885701816555	0.874018798827914	0.568663775628195	0.75	0.735294117647059	0.742857142857143
0.5*SVM+0.5*XGBoost	Bacteria_vs_Cancer	0.863074712643678	0.809443446243503	0.916705979043854	0.444789125360374	0.747126436781609	0.8625	0.802395209580838	0.772058823529412	0.661005502570656	0.883112144488168	0.469934819993173	0.583333333333333	0.882352941176471	0.728571428571429
0.6*SVM+0.4*XGBoost	Bacteria_vs_Cancer	0.851724137931035	0.795193223581575	0.908255052280494	0.4631102109763	0.758620689655172	0.8375	0.796407185628742	0.769607843137255	0.658037237920411	0.881178448354099	0.474483968044074	0.638888888888889	0.882352941176471	0.757142857142857
0.7*SVM+0.3*XGBoost	Bacteria_vs_Cancer	0.836063218390805	0.775715829053436	0.896410607728173	0.405682871204828	0.71264367816092	0.8625	0.784431137724551	0.767156862745098	0.655225360794088	0.879088364696108	0.472959313719349	0.638888888888889	0.882352941176471	0.757142857142857
0.8*SVM+0.2*XGBoost	Bacteria_vs_Cancer	0.822126436781609	0.758421945905182	0.885830927658037	0.409768581897321	0.724137931034483	0.85	0.784431137724551	0.767156862745098	0.65527138394088	0.879042341549316	0.471434659394624	0.638888888888889	0.882352941176471	0.757142857142857
0.9*SVM+0.1*XGBoost	Bacteria_vs_Cancer	0.809913793103448	0.743324775124859	0.876502811082038	0.394927875529892	0.724137931034483	0.85	0.784431137724551	0.766339869281046	0.653638559763138	0.879041178798954	0.469910005069899	0.638888888888889	0.882352941176471	0.757142857142857
SVM	Bacteria_vs_Cancer	0.800718390804598	0.732017487942138	0.869419293667058	0.396902025255043	0.724137931034483	0.8375	0.778443113772455	0.769607843137255	0.657589642933318	0.881626043341192	0.468385350745174	0.638888888888889	0.882352941176471	0.757142857142857
XGBoost	Fungi_vs_Cancer	0.903530377668309	0.849175463820162	0.957885291516456	0.577595695853233	0.793103448275862	0.928571428571429	0.846153846153846	0.631038647342995	0.483030331372771	0.779046963313219	0.589987516403198	0.722222222222222	0.608695652173913	0.677966101694915
0.1*SVM+0.9*XGBoost	Fungi_vs_Cancer	0.935550082101806	0.897638482560868	0.973461681642744	0.581628996195924	0.770114942528736	0.964285714285714	0.846153846153846	0.735507246376812	0.605007730589493	0.866006762164131	0.613625619171667	0.583333333333333	0.956521739130435	0.728813559322034
0.2*SVM+0.8*XGBoost	Fungi_vs_Cancer	0.946018062397373	0.911669009673697	0.980367115121048	0.498014712039264	0.942528735632184	0.821428571428571	0.895104895104895	0.725845410628019	0.592835395491345	0.858855425764693	0.594097869806392	0.583333333333333	0.956521739130435	0.728813559322034
0.3*SVM+0.7*XGBoost	Fungi_vs_Cancer	0.94047619047619	0.904419693149942	0.976532687802439	0.525198667942319	0.908045977011494	0.892857142857143	0.902097902097902	0.731884057971014	0.599135481537228	0.864632634404801	0.569669270879921	0.638888888888889	0.91304347826087	0.745762711864407
0.4*SVM+0.6*XGBoost	Fungi_vs_Cancer	0.930008210180624	0.89152492143744	0.968491498923808	0.58497348046629	0.793103448275862	0.964285714285714	0.86013986013986	0.718599033816425	0.584093957297724	0.853104110335126	0.56873384279467	0.611111111111111	0.91304347826087	0.728813559322034
0.5*SVM+0.5*XGBoost	Fungi_vs_Cancer	0.913998357963875	0.870868747365863	0.957127968561887	0.606098339045602	0.735632183908046	0.964285714285714	0.825174825174825	0.699275362318841	0.56243611333023	0.836114611307451	0.615472514220251	0.527777777777778	0.956521739130435	0.694915254237288
0.6*SVM+0.4*XGBoost	Fungi_vs_Cancer	0.895114942528736	0.846586002653187	0.943643882404284	0.633180288642801	0.701149425287356	0.964285714285714	0.804195804195804	0.694444444444444	0.557573877046186	0.831315011842703	0.621134139662794	0.527777777777778	0.91304347826087	0.677966101694915
0.7*SVM+0.3*XGBoost	Fungi_vs_Cancer	0.876436781609195	0.822919953285386	0.929953609933005	0.643712194239067	0.689655172413793	0.946428571428571	0.79020979020979	0.682367149758454	0.544231177503588	0.820503122013321	0.631063321060717	0.527777777777778	0.91304347826087	0.677966101694915
0.8*SVM+0.2*XGBoost	Fungi_vs_Cancer	0.857553366174056	0.799373549998145	0.915733182349966	0.649662161712773	0.689655172413793	0.892857142857143	0.769230769230769	0.679951690821256	0.54214092043131	0.817762461211202	0.613444493074158	0.527777777777778	0.869565217391304	0.661016949152542
0.9*SVM+0.1*XGBoost	Fungi_vs_Cancer	0.841748768472906	0.779811098312058	0.903686438633755	0.701637163469474	0.609195402298851	0.928571428571429	0.734265734265734	0.682367149758454	0.544428232371915	0.820306067144993	0.625108577692498	0.527777777777778	0.869565217391304	0.661016949152542
SVM	Fungi_vs_Cancer	0.826149425287356	0.760415138633641	0.891883711941071	0.650028301964155	0.724137931034483	0.767857142857143	0.741258741258741	0.67512077294686	0.535363321095073	0.814878224798647	0.647514732650349	0.5	0.869565217391304	0.644067796610169
XGBoost	TB_vs_Cancer	0.939325419257584	0.895837444108234	0.982813394406934	0.515547531843185	0.919540229885057	0.901639344262295	0.912162162162162	0.777777777777778	0.656504122415439	0.899051433140116	0.524917006492615	0.833333333333333	0.68	0.770491803278688
0.1*SVM+0.9*XGBoost	TB_vs_Cancer	0.9576031656303	0.928181037940413	0.987025293320186	0.503313341257017	0.919540229885057	0.885245901639344	0.905405405405405	0.825555555555555	0.721275273433736	0.929835837677375	0.632342781487511	0.583333333333333	0.96	0.737704918032787
0.2*SVM+0.8*XGBoost	TB_vs_Cancer	0.960052760504993	0.931971485499332	0.988134035510655	0.534265741661291	0.896551724137931	0.934426229508197	0.912162162162162	0.822222222222222	0.718361948842992	0.926082495601453	0.611598911852745	0.694444444444444	0.84	0.754098360655738
0.3*SVM+0.7*XGBoost	TB_vs_Cancer	0.954022988505747	0.923891267052048	0.984154709959446	0.565697486118521	0.827586206896552	0.967213114754098	0.885135135135135	0.801111111111111	0.689497257936749	0.912724964285473	0.600175915182148	0.722222222222222	0.84	0.770491803278688
0.4*SVM+0.6*XGBoost	TB_vs_Cancer	0.948935368381383	0.91704498322793	0.980825753534836	0.53248070962145	0.896551724137931	0.868852459016393	0.885135135135135	0.794444444444445	0.681733202712504	0.907155686176385	0.613138497219082	0.694444444444444	0.84	0.754098360655738
0.5*SVM+0.5*XGBoost	TB_vs_Cancer	0.94271716600716	0.908912766949513	0.976521565064808	0.569706225689941	0.839080459770115	0.901639344262295	0.864864864864865	0.784444444444444	0.669933406090472	0.898955482798417	0.618238317176961	0.694444444444444	0.8	0.737704918032787
0.6*SVM+0.4*XGBoost	TB_vs_Cancer	0.93480309025815	0.898086454154208	0.971519726362091	0.516783033269261	0.908045977011494	0.819672131147541	0.871621621621622	0.777777777777778	0.661814130554025	0.893741425001531	0.566349360321921	0.805555555555556	0.72	0.770491803278688
0.7*SVM+0.3*XGBoost	TB_vs_Cancer	0.929715470133786	0.891254216507585	0.968176723759986	0.529538411113496	0.896551724137931	0.819672131147541	0.864864864864865	0.766666666666667	0.648492820892093	0.884840512441241	0.774516038726779	0.472222222222222	1	0.688524590163934
0.8*SVM+0.2*XGBoost	TB_vs_Cancer	0.921612964009798	0.880366817042693	0.962859110976904	0.526916656419418	0.896551724137931	0.80327868852459	0.858108108108108	0.755555555555556	0.63537697389312	0.875734137217992	0.802502168225121	0.472222222222222	1	0.688524590163934
0.9*SVM+0.1*XGBoost	TB_vs_Cancer	0.916336913510458	0.87333344626951	0.959340380751406	0.49951005056581	0.908045977011494	0.786885245901639	0.858108108108108	0.736666666666667	0.613404336757056	0.859928996576278	0.831352047503386	0.472222222222222	1	0.688524590163934
SVM	TB_vs_Cancer	0.912568306010929	0.868532299995159	0.956604312026698	0.510420933600322	0.896551724137931	0.786885245901639	0.851351351351351	0.715555555555556	0.588369597533733	0.842741513577379	0.85069705315918	0.472222222222222	0.92	0.655737704918033
XGBoost	Infection_vs_Cancer	0.785343368924675	0.72321026513853	0.84747647271082	0.441295690834522	0.827586206896552	0.746192893401015	0.77112676056338	0.635670731707317	0.536433047232616	0.734908416182018	0.382661208510399	0.638888888888889	0.682926829268293	0.669491525423729
0.1*SVM+0.9*XGBoost	Infection_vs_Cancer	0.852441799404866	0.806836956831708	0.898046641978024	0.444929948198865	0.816091954022989	0.802030456852792	0.806338028169014	0.642953929539295	0.537374290950463	0.748533568128128	0.354593773504753	0.777777777777778	0.5	0.584745762711864
0.2*SVM+0.8*XGBoost	Infection_vs_Cancer	0.875955423303577	0.835116070583778	0.916794776023375	0.436314709994542	0.839080459770115	0.796954314720812	0.809859154929577	0.638888888888889	0.531806106531897	0.745971671245881	0.336359995065219	0.75	0.5	0.576271186440678
0.3*SVM+0.7*XGBoost	Infection_vs_Cancer	0.880564793745259	0.841028688547475	0.920100898943044	0.414785819579063	0.839080459770115	0.802030456852792	0.813380281690141	0.630420054200542	0.521677021576548	0.739163086824536	0.314451610686083	0.75	0.463414634146341	0.550847457627119
0.4*SVM+0.6*XGBoost	Infection_vs_Cancer	0.877764163603477	0.837871617169771	0.917656710037184	0.394708409052695	0.816091954022989	0.796954314720812	0.802816901408451	0.623644986449865	0.513315906601674	0.733974066298055	0.300231088481979	0.694444444444444	0.524390243902439	0.576271186440678
0.5*SVM+0.5*XGBoost	Infection_vs_Cancer	0.869362273178132	0.827924415775228	0.910800130581036	0.377235406486737	0.816091954022989	0.781725888324873	0.792253521126761	0.616192411924119	0.504763722390985	0.727621101457254	0.282110193474388	0.694444444444444	0.536585365853659	0.584745762711864
0.6*SVM+0.4*XGBoost	Infection_vs_Cancer	0.862769123052687	0.819835173615739	0.905703072489635	0.374381669003491	0.804597701149425	0.807106598984772	0.806338028169014	0.611449864498645	0.499244516025652	0.723655212971638	0.256219221860653	0.722222222222222	0.51219512195122	0.576271186440678
0.7*SVM+0.3*XGBoost	Infection_vs_Cancer	0.853667075091896	0.808286489867047	0.899047660316745	0.379895825593026	0.758620689655172	0.842639593908629	0.816901408450704	0.60840108401084	0.495940714658324	0.720861453363356	0.352433317361643	0.305555555555556	0.902439024390244	0.720338983050847
0.8*SVM+0.2*XGBoost	Infection_vs_Cancer	0.844973452360114	0.797228151618511	0.892718753101717	0.375844980487597	0.758620689655172	0.847715736040609	0.820422535211268	0.606368563685637	0.493587493423551	0.719149633947722	0.337878684435084	0.305555555555556	0.890243902439024	0.711864406779661
0.9*SVM+0.1*XGBoost	Infection_vs_Cancer	0.837505105315363	0.787588099295959	0.887422111334766	0.361046215200448	0.758620689655172	0.83248730964467	0.809859154929577	0.608739837398374	0.495660808386731	0.721818866410017	0.213966997673753	0.583333333333333	0.621951219512195	0.610169491525424
SVM	Infection_vs_Cancer	0.831378726880215	0.779564576362618	0.883192877397812	0.343210568611441	0.758620689655172	0.817258883248731	0.799295774647887	0.60619918699187	0.492766733107405	0.719631640876335	0.196298331094774	0.555555555555556	0.670731707317073	0.635593220338983
